h_resultado
63 63
62 75
'06 06
62 46 10-6
61 16

26 26
62 76
36 36
76 ...
... 36 01
26 06
61 64
63 36 8-10
36 62 13-11
57 36
63 46 2-10
16 06
57 63 10-7
64 75
63 62
46 16
62 63
61 57 26
61 64
62 62
57 62 10-2
63 63
36 76 11-8
16 63 41
63 67 5-10
62 64
75 75
60 60
64 06 10-4
36 46
16 06
64 62
64 63
64 61
62 76
62 62
26 26
36 26
60 61
60 64
61 62
57 46
76 26 76
26 46
63 63
6-6-2011
26 64 64
'06 16
36 26
62 63
62 63
76 64 6-10
64 06 8-10
62 61
60 61
62 61
57 63 63
60 64
64 62
26 46
46 62 46
64 06 4-10
36 26
76 63
57 63 60
60 63
16 26
46 26
63 61
62 63
63 75
61 61
64 62
60 60
62 76
62 16 9-11
36 26
63 61
61 61
46 64 64
76 61
60 62
75 67 10-5
36 26
75 64
75 26 64
26 26
57 62 10-5
60 63
46 46
62 63
67 60 10-7
76 62
64 62
64 64
62 62
64 62
16 16
62 61
36 63 16
64 75
75 61
63 61
63 62
76 63
36 46
63 76
26 75 10-8
46 06
61 60
61 57 16-14
61 64
61 62
62 61
64 76
62 60
63 64
46 06
61 16 06
36 36
76 26 5-10
61 63
36 62 62
60 60
36 61 64
64 46 5-10
76 76
63 64
62 62
61 60
61 75
76 61
61 61
60 61
63 62
75 61
46 46
36 46
63 26 01
62 36 01
60 62
36 61 10-2
60 62
36 26
36 76 8-10
64 63
64 64
75 60
61 63
46 36
62 60
26 16
63 60
62 61
60 62
46 36
62 61
61 61
60 60
46 36
64 63
64 60
67 46
57 57
62 63
61 62
64 64
64 62
60 61
'26 62 64
'63 36 10-1
61 36 5-10
67 36 10-6
06 26
~76 62
16 16
62 64
46 63 5-10
16 06
62 16 10-5
46 64 10-8
06 16
06 16
Set-ganho
16 36
76 62
61 57 10-9
perdi
60 62
64 16 7-10
62 61
62 63
46 36
62 62
26 60 10-5
